 codfac |   fecha    | codcli | codven | iva | dto 
--------+------------+--------+--------+-----+-----
   6530 | 2011-01-01 |    101 |    105 |  16 |   5
   6550 | 2011-01-15 |    101 |    105 |  16 |   5
   6589 | 2011-07-14 |    102 |    155 |     |   9
   6600 | 2011-09-20 |    103 |    455 |  16 |   5
   6643 | 2010-07-16 |    333 |    105 |  18 |  10
   6645 | 2010-07-16 |    336 |    105 |   0 |  20
   6654 | 2010-07-31 |    357 |    155 |   8 |   0
   6659 | 2010-08-08 |    342 |      5 |   0 |   0
   6680 | 2010-09-10 |    348 |    455 |   8 |   0
   6723 | 2010-11-06 |    342 |      5 |  18 |   0
   6742 | 2010-12-17 |    333 |    105 |   8 |  20
   6799 | 2014-11-22 |    333 |      5 |   8 |    
   6699 | 2014-01-03 |    342 |    455 |  21 |    
(13 rows)

