 id | linea | cant | dto |  codart  | codfac | precio 
----+-------+------+-----+----------+--------+--------
  1 |     1 |    6 |  20 | L14340   |   6643 |   0.51
  2 |     2 |    1 |   0 | N5072    |   6643 |   1.33
  3 |     3 |    2 |   0 | P695     |   6643 |  13.22
  4 |     1 |   10 |   0 | ZNCL     |   6645 |  41.71
  5 |     2 |    6 |   0 | N8017BA  |   6645 |    3.4
  6 |     3 |    3 |   0 | TE7200   |   6645 |  13.22
  7 |     4 |    4 |   0 | L92119   |   6645 |   5.98
  8 |     1 |    6 |  50 | REF1X20  |   6654 |   8.71
  9 |     1 |    8 |   0 | THC21    |   6659 |   1.56
 10 |     2 |   12 |  25 | L17055   |   6659 |   7.99
 11 |     3 |    9 |   0 | L76424   |   6659 |    2.9
 12 |     1 |   12 |   0 | T4501    |   6680 |   2.98
 13 |     2 |   11 |   0 | im4P10L  |   6680 |   32.6
 14 |     1 |    5 |   5 | L85459   |   6723 |    2.8
 15 |     1 |    9 |   0 | ME200    |   6742 |  13.52
 16 |     2 |    8 |   5 | S3165136 |   6742 |   4.81
(16 rows)

